Part 1:
Total price of fencing: 1930

Part 2:

Plant F
Boundary edges: [((0, 8), 'S'), ((0, 8), 'N'), ((0, 8), 'W'), ((0, 9), 'N'), ((0, 9), 'E'), ((1, 9), 'E'), ((1, 9), 'W'), ((2, 9), 'E'), ((3, 9), 'S'), ((3, 9), 'E'), ((2, 8), 'N'), ((2, 7), 'N'), ((2, 7), 'W'), ((4, 8), 'S'), ((4, 8), 'E'), ((4, 8), 'W'), ((3, 7), 'S'), ((3, 7), 'W')]
Grouped boundary edges: {'N': [(0, 8), (0, 9), (2, 7), (2, 8)], 'S': [(0, 8), (3, 7), (3, 9), (4, 8)], 'W': [(2, 7), (3, 7), (0, 8), (4, 8), (1, 9)], 'E': [(4, 8), (0, 9), (1, 9), (2, 9), (3, 9)]}
N Segments: [[(0, 8), (0, 9)], [(2, 7), (2, 8)]]
S Segments: [[(0, 8)], [(3, 7)], [(3, 9)], [(4, 8)]]
W Segments: [[(2, 7), (3, 7)], [(0, 8)], [(4, 8)], [(1, 9)]]
E Segments: [[(4, 8)], [(0, 9), (1, 9), (2, 9), (3, 9)]]

Plant R
Boundary edges: [((0, 0), 'N'), ((0, 0), 'W'), ((1, 0), 'S'), ((1, 0), 'W'), ((0, 1), 'N'), ((1, 1), 'S'), ((0, 2), 'N'), ((0, 3), 'N'), ((0, 3), 'E'), ((2, 2), 'W'), ((1, 3), 'E'), ((3, 2), 'S'), ((3, 2), 'E'), ((3, 2), 'W'), ((2, 3), 'S'), ((2, 4), 'S'), ((2, 4), 'N'), ((2, 4), 'E')]
Grouped boundary edges: {'N': [(0, 0), (0, 1), (0, 2), (0, 3), (2, 4)], 'S': [(1, 0), (1, 1), (2, 3), (2, 4), (3, 2)], 'W': [(0, 0), (1, 0), (2, 2), (3, 2)], 'E': [(3, 2), (0, 3), (1, 3), (2, 4)]}
N Segments: [[(0, 0), (0, 1), (0, 2), (0, 3)], [(2, 4)]]
S Segments: [[(1, 0), (1, 1)], [(2, 3), (2, 4)], [(3, 2)]]
W Segments: [[(0, 0), (1, 0)], [(2, 2), (3, 2)]]
E Segments: [[(3, 2)], [(0, 3), (1, 3)], [(2, 4)]]

Plant C
Boundary edges: [((0, 6), 'N'), ((0, 6), 'W'), ((1, 6), 'W'), ((0, 7), 'N'), ((0, 7), 'E'), ((2, 6), 'S'), ((2, 6), 'E'), ((1, 7), 'S'), ((2, 5), 'N'), ((2, 5), 'W'), ((1, 8), 'S'), ((1, 8), 'N'), ((1, 8), 'E'), ((3, 5), 'S'), ((3, 5), 'E'), ((3, 4), 'N'), ((4, 4), 'E'), ((4, 4), 'W'), ((3, 3), 'S'), ((3, 3), 'N'), ((3, 3), 'W'), ((5, 4), 'S'), ((5, 4), 'W'), ((5, 5), 'N'), ((5, 5), 'E'), ((6, 5), 'S'), ((6, 5), 'E'), ((6, 5), 'W')]
Grouped boundary edges: {'N': [(0, 6), (0, 7), (1, 8), (2, 5), (3, 3), (3, 4), (5, 5)], 'S': [(1, 7), (1, 8), (2, 6), (3, 3), (3, 5), (5, 4), (6, 5)], 'W': [(3, 3), (4, 4), (5, 4), (2, 5), (6, 5), (0, 6), (1, 6)], 'E': [(4, 4), (3, 5), (5, 5), (6, 5), (2, 6), (0, 7), (1, 8)]}
N Segments: [[(0, 6), (0, 7)], [(1, 8)], [(2, 5)], [(3, 3), (3, 4)], [(5, 5)]]
S Segments: [[(1, 7), (1, 8)], [(2, 6)], [(3, 3)], [(3, 5)], [(5, 4)], [(6, 5)]]
W Segments: [[(3, 3)], [(4, 4), (5, 4)], [(2, 5)], [(6, 5)], [(0, 6), (1, 6)]]
E Segments: [[(4, 4)], [(3, 5)], [(5, 5), (6, 5)], [(2, 6)], [(0, 7)], [(1, 8)]]

Plant C
Boundary edges: [((4, 7), 'S'), ((4, 7), 'N'), ((4, 7), 'E'), ((4, 7), 'W')]
Grouped boundary edges: {'N': [(4, 7)], 'S': [(4, 7)], 'W': [(4, 7)], 'E': [(4, 7)]}
N Segments: [[(4, 7)]]
S Segments: [[(4, 7)]]
W Segments: [[(4, 7)]]
E Segments: [[(4, 7)]]

Plant M
Boundary edges: [((7, 0), 'N'), ((7, 0), 'E'), ((7, 0), 'W'), ((8, 0), 'E'), ((8, 0), 'W'), ((9, 0), 'S'), ((9, 0), 'W'), ((9, 1), 'S'), ((9, 1), 'N'), ((9, 2), 'S'), ((9, 2), 'N'), ((9, 2), 'E')]
Grouped boundary edges: {'N': [(7, 0), (9, 1), (9, 2)], 'S': [(9, 0), (9, 1), (9, 2)], 'W': [(7, 0), (8, 0), (9, 0)], 'E': [(7, 0), (8, 0), (9, 2)]}
N Segments: [[(7, 0)], [(9, 1), (9, 2)]]
S Segments: [[(9, 0), (9, 1), (9, 2)]]
W Segments: [[(7, 0), (8, 0), (9, 0)]]
E Segments: [[(7, 0), (8, 0)], [(9, 2)]]

Plant I
Boundary edges: [((0, 4), 'N'), ((0, 4), 'W'), ((1, 4), 'S'), ((1, 4), 'W'), ((0, 5), 'N'), ((0, 5), 'E'), ((1, 5), 'S'), ((1, 5), 'E')]
Grouped boundary edges: {'N': [(0, 4), (0, 5)], 'S': [(1, 4), (1, 5)], 'W': [(0, 4), (1, 4)], 'E': [(0, 5), (1, 5)]}
N Segments: [[(0, 4), (0, 5)]]
S Segments: [[(1, 4), (1, 5)]]
W Segments: [[(0, 4), (1, 4)]]
E Segments: [[(0, 5), (1, 5)]]

Plant I
Boundary edges: [((5, 2), 'N'), ((5, 2), 'E'), ((5, 2), 'W'), ((6, 2), 'W'), ((6, 3), 'N'), ((8, 2), 'S'), ((7, 1), 'N'), ((7, 1), 'W'), ((6, 4), 'N'), ((6, 4), 'E'), ((8, 3), 'E'), ((8, 1), 'S'), ((8, 1), 'W'), ((7, 4), 'S'), ((9, 3), 'S'), ((9, 3), 'E'), ((9, 3), 'W'), ((7, 5), 'N'), ((7, 5), 'E'), ((8, 5), 'S'), ((8, 5), 'E'), ((8, 5), 'W')]
Grouped boundary edges: {'N': [(5, 2), (6, 3), (6, 4), (7, 1), (7, 5)], 'S': [(7, 4), (8, 1), (8, 2), (8, 5), (9, 3)], 'W': [(7, 1), (8, 1), (5, 2), (6, 2), (9, 3), (8, 5)], 'E': [(5, 2), (8, 3), (9, 3), (6, 4), (7, 5), (8, 5)]}
N Segments: [[(5, 2)], [(6, 3), (6, 4)], [(7, 1)], [(7, 5)]]
S Segments: [[(7, 4)], [(8, 1), (8, 2)], [(8, 5)], [(9, 3)]]
W Segments: [[(7, 1), (8, 1)], [(5, 2), (6, 2)], [(9, 3)], [(8, 5)]]
E Segments: [[(5, 2)], [(8, 3), (9, 3)], [(6, 4)], [(7, 5), (8, 5)]]

Plant E
Boundary edges: [((4, 9), 'N'), ((4, 9), 'E'), ((4, 9), 'W'), ((5, 9), 'E'), ((6, 9), 'E'), ((5, 8), 'N'), ((5, 8), 'W'), ((7, 9), 'E'), ((6, 8), 'W'), ((8, 9), 'E'), ((7, 8), 'W'), ((9, 9), 'S'), ((9, 9), 'E'), ((9, 8), 'S'), ((8, 7), 'N'), ((8, 7), 'W'), ((9, 7), 'S'), ((9, 7), 'W')]
Grouped boundary edges: {'N': [(4, 9), (5, 8), (8, 7)], 'S': [(9, 7), (9, 8), (9, 9)], 'W': [(8, 7), (9, 7), (5, 8), (6, 8), (7, 8), (4, 9)], 'E': [(4, 9), (5, 9), (6, 9), (7, 9), (8, 9), (9, 9)]}
N Segments: [[(4, 9)], [(5, 8)], [(8, 7)]]
S Segments: [[(9, 7), (9, 8), (9, 9)]]
W Segments: [[(8, 7), (9, 7)], [(5, 8), (6, 8), (7, 8)], [(4, 9)]]
E Segments: [[(4, 9), (5, 9), (6, 9), (7, 9), (8, 9), (9, 9)]]

Plant S
Boundary edges: [((8, 4), 'N'), ((8, 4), 'E'), ((8, 4), 'W'), ((9, 4), 'S'), ((9, 4), 'W'), ((9, 5), 'S'), ((9, 5), 'N'), ((9, 5), 'E')]
Grouped boundary edges: {'N': [(8, 4), (9, 5)], 'S': [(9, 4), (9, 5)], 'W': [(8, 4), (9, 4)], 'E': [(8, 4), (9, 5)]}
N Segments: [[(8, 4)], [(9, 5)]]
S Segments: [[(9, 4), (9, 5)]]
W Segments: [[(8, 4), (9, 4)]]
E Segments: [[(8, 4)], [(9, 5)]]

Plant V
Boundary edges: [((2, 0), 'N'), ((2, 0), 'W'), ((3, 0), 'W'), ((2, 1), 'N'), ((2, 1), 'E'), ((4, 0), 'W'), ((3, 1), 'E'), ((5, 0), 'W'), ((6, 0), 'S'), ((6, 0), 'W'), ((5, 1), 'E'), ((4, 2), 'S'), ((4, 2), 'N'), ((6, 1), 'S'), ((6, 1), 'E'), ((4, 3), 'N'), ((4, 3), 'E'), ((5, 3), 'S'), ((5, 3), 'E'), ((5, 3), 'W')]
Grouped boundary edges: {'N': [(2, 0), (2, 1), (4, 2), (4, 3)], 'S': [(4, 2), (5, 3), (6, 0), (6, 1)], 'W': [(2, 0), (3, 0), (4, 0), (5, 0), (6, 0), (5, 3)], 'E': [(2, 1), (3, 1), (5, 1), (6, 1), (4, 3), (5, 3)]}
N Segments: [[(2, 0), (2, 1)], [(4, 2), (4, 3)]]
S Segments: [[(4, 2)], [(5, 3)], [(6, 0), (6, 1)]]
W Segments: [[(2, 0), (3, 0), (4, 0), (5, 0), (6, 0)], [(5, 3)]]
E Segments: [[(2, 1), (3, 1)], [(5, 1), (6, 1)], [(4, 3), (5, 3)]]

Plant J
Boundary edges: [((3, 6), 'N'), ((3, 6), 'E'), ((3, 6), 'W'), ((4, 6), 'E'), ((5, 6), 'W'), ((4, 5), 'S'), ((4, 5), 'N'), ((4, 5), 'W'), ((6, 6), 'W'), ((5, 7), 'N'), ((5, 7), 'E'), ((7, 6), 'W'), ((6, 7), 'E'), ((8, 6), 'E'), ((8, 6), 'W'), ((7, 7), 'S'), ((7, 7), 'E'), ((9, 6), 'S'), ((9, 6), 'E'), ((9, 6), 'W')]
Grouped boundary edges: {'N': [(3, 6), (4, 5), (5, 7)], 'S': [(4, 5), (7, 7), (9, 6)], 'W': [(4, 5), (3, 6), (5, 6), (6, 6), (7, 6), (8, 6), (9, 6)], 'E': [(3, 6), (4, 6), (8, 6), (9, 6), (5, 7), (6, 7), (7, 7)]}
N Segments: [[(3, 6)], [(4, 5)], [(5, 7)]]
S Segments: [[(4, 5)], [(7, 7)], [(9, 6)]]
W Segments: [[(4, 5)], [(3, 6)], [(5, 6), (6, 6), (7, 6), (8, 6), (9, 6)]]
E Segments: [[(3, 6), (4, 6)], [(8, 6), (9, 6)], [(5, 7), (6, 7), (7, 7)]]
Total price of fencing (Part 2): 1206
