Part 1:
Total price of fencing: 692

Part 2:

Plant X
Boundary edges: [((1, 1), 'S'), ((1, 1), 'N'), ((1, 1), 'W'), ((1, 2), 'S'), ((1, 2), 'N'), ((1, 3), 'S'), ((1, 3), 'N'), ((1, 4), 'S'), ((1, 4), 'N'), ((1, 4), 'E')]
Grouped boundary edges: {'N': [(1, 1), (1, 2), (1, 3), (1, 4)], 'S': [(1, 1), (1, 2), (1, 3), (1, 4)], 'W': [(1, 1)], 'E': [(1, 4)]}
N Segments: [[(1, 1), (1, 2), (1, 3), (1, 4)]]
S Segments: [[(1, 1), (1, 2), (1, 3), (1, 4)]]
W Segments: [[(1, 1)]]
E Segments: [[(1, 4)]]

Plant X
Boundary edges: [((3, 1), 'S'), ((3, 1), 'N'), ((3, 1), 'W'), ((3, 2), 'S'), ((3, 2), 'N'), ((3, 3), 'S'), ((3, 3), 'N'), ((3, 4), 'S'), ((3, 4), 'N'), ((3, 4), 'E')]
Grouped boundary edges: {'N': [(3, 1), (3, 2), (3, 3), (3, 4)], 'S': [(3, 1), (3, 2), (3, 3), (3, 4)], 'W': [(3, 1)], 'E': [(3, 4)]}
N Segments: [[(3, 1), (3, 2), (3, 3), (3, 4)]]
S Segments: [[(3, 1), (3, 2), (3, 3), (3, 4)]]
W Segments: [[(3, 1)]]
E Segments: [[(3, 4)]]

Plant E
Boundary edges: [((0, 0), 'N'), ((0, 0), 'W'), ((1, 0), 'E'), ((1, 0), 'W'), ((0, 1), 'S'), ((0, 1), 'N'), ((2, 0), 'W'), ((0, 2), 'S'), ((0, 2), 'N'), ((3, 0), 'E'), ((3, 0), 'W'), ((2, 1), 'S'), ((2, 1), 'N'), ((0, 3), 'S'), ((0, 3), 'N'), ((4, 0), 'S'), ((4, 0), 'W'), ((2, 2), 'S'), ((2, 2), 'N'), ((0, 4), 'S'), ((0, 4), 'N'), ((0, 4), 'E'), ((4, 1), 'S'), ((4, 1), 'N'), ((2, 3), 'S'), ((2, 3), 'N'), ((4, 2), 'S'), ((4, 2), 'N'), ((2, 4), 'S'), ((2, 4), 'N'), ((2, 4), 'E'), ((4, 3), 'S'), ((4, 3), 'N'), ((4, 4), 'S'), ((4, 4), 'N'), ((4, 4), 'E')]
Grouped boundary edges: {'N': [(0, 0), (0, 1), (0, 2), (0, 3), (0, 4), (2, 1), (2, 2), (2, 3), (2, 4), (4, 1), (4, 2), (4, 3), (4, 4)], 'S': [(0, 1), (0, 2), (0, 3), (0, 4), (2, 1), (2, 2), (2, 3), (2, 4), (4, 0), (4, 1), (4, 2), (4, 3), (4, 4)], 'W': [(0, 0), (1, 0), (2, 0), (3, 0), (4, 0)], 'E': [(1, 0), (3, 0), (0, 4), (2, 4), (4, 4)]}
N Segments: [[(0, 0), (0, 1), (0, 2), (0, 3), (0, 4)], [(2, 1), (2, 2), (2, 3), (2, 4)], [(4, 1), (4, 2), (4, 3), (4, 4)]]
S Segments: [[(0, 1), (0, 2), (0, 3), (0, 4)], [(2, 1), (2, 2), (2, 3), (2, 4)], [(4, 0), (4, 1), (4, 2), (4, 3), (4, 4)]]
W Segments: [[(0, 0), (1, 0), (2, 0), (3, 0), (4, 0)]]
E Segments: [[(1, 0)], [(3, 0)], [(0, 4)], [(2, 4)], [(4, 4)]]
Total price of fencing (Part 2): 236
